

lab penn

bgr2rgb: 0
camera_path:"/mv_25000432/image_raw"
cameraMatrix: !!opencv-matrix
   rows: 3
   cols: 3
   dt: f
   data: [624.63,0,372.58,0,624.53,246.89,0,0,1]
distCoeffs: !!opencv-matrix
   rows: 5
   cols: 1
   dt: f
   data: [-0.429,0.188,2.299e-06,0.00051,0]



camera_path:"/mv_25000432/image_raw"
cameraMatrix: !!opencv-matrix
   rows: 3
   cols: 3
   dt: f
   data: [365.1466559914019, 0, 394.7287673657104, 0, 365.8597999645933, 226.8004157794072, 0, 0, 1]
distCoeffs: !!opencv-matrix
   rows: 8
   cols: 1
   dt: f
   data: [0.1116432064665431, -0.03266225222192713, 0.000383668504400549, 0.0001214976006420561, 0.006499372413679965, 0.4395645994786453, -0.07214350852048565, 0.01266879412821277]

roslaunch single_node.launch device:=25000432

lsd room

bgr2rgb: 0
camera_path:"/image_raw"
cameraMatrix: !!opencv-matrix
   rows: 3
   cols: 3
   dt: f
   data: [254.32695388793945, 0.0, 267.38189697265625, 0.0, 375.93438148498535, 231.59909057617188, 0.0, 0.0, 1.0]
distCoeffs: !!opencv-matrix
   rows: 5
   cols: 1
   dt: f
   data: [0,0,0,0,0 ]






lsd machine

bgr2rgb: 0
camera_path:"/image_raw"
cameraMatrix: !!opencv-matrix
   rows: 3
   cols: 3
   dt: f
   data: [257.6436996459961, 0.0, 286.65277099609375, 0.0, 376.9067573547363, 240.2546844482422, 0.0, 0.0, 1.0]
distCoeffs: !!opencv-matrix
   rows: 5
   cols: 1
   dt: f
   data: [0,0,0,0,0 ]





ECCVspecial

 [256.00000381469727, 0.0, 319.5, 0.0, 0.0, 192.00000286102295, 239.5, 0.0, 0.0, 0.0, 1.0, 0.0]

bgr2rgb: 0
camera_path:"/image_raw"
cameraMatrix: !!opencv-matrix
   rows: 3
   cols: 3
   dt: f
   data: [256.00000381469727, 0.0, 319.5, 0.0, 192.00000286102295, 239.5, 0.0, 0.0, 1.0]
distCoeffs: !!opencv-matrix
   rows: 5
   cols: 1
   dt: f
   data: [0,0,0,0,0 ]


UEYE

camera_path:"/camera/image_raw"
cameraMatrix: !!opencv-matrix
   rows: 3
   cols: 3
   dt: f
   data: [  609.2855, 0., 351.4274, 0., 609.3422  ,237.7324, 0., 0., 1. ]
distCoeffs: !!opencv-matrix
   rows: 5
   cols: 1
   dt: f
   data: [  -0.3492, 0.1363, 0,0,0]


bgr2rgb: 1
camera_path:"/camera/image_raw"
cameraMatrix: !!opencv-matrix
   rows: 3
   cols: 3
   dt: f
   data: [  614.6614. 0.,300.33037 , 0., 609.3422,  219.54568, 0., 0., 1. ]
distCoeffs: !!opencv-matrix
   rows: 5
   cols: 1
   dt: f
   data: [   -0.36992,   0.21243 ,  0.00166 ,  -0.00182 , 0.00000]
 

FREIBURG 1

bgr2rgb: 0
camera_path:"/camera/rgb/image_color"
cameraMatrix: !!opencv-matrix
   rows: 3
   cols: 3
   dt: f
   data: [ 517.3, 0.,318.6, 0., 516.5, 255.3, 0., 0., 1. ]
distCoeffs: !!opencv-matrix
   rows: 5
   cols: 1
   dt: f
   data: [0.2624,-0.9531,-0.0054,0.0026,1.1633]


 

FREIBURG 2

bgr2rgb: 0
camera_path:"/camera/rgb/image_color"
cameraMatrix: !!opencv-matrix
   rows: 3
   cols: 3
   dt: f
   data: [ 520.908620, 0., 325.141442, 0., 521.007327 , 249.701764, 0., 0., 1. ]
distCoeffs: !!opencv-matrix
   rows: 5
   cols: 1
   dt: f
   data: [ 0.231222, -0.784899, -0.003257, -0.000105, 0.917205 ]
 

FREIBURG 3

bgr2rgb: 0
camera_path:"/camera/rgb/image_color"
cameraMatrix: !!opencv-matrix
   rows: 3
   cols: 3
   dt: f
   data: [ 535.4, 0., 320.1, 0., 539.2 ,247.6, 0., 0., 1. ]
distCoeffs: !!opencv-matrix
   rows: 5
   cols: 1
   dt: f
   data: [ 0 ,0 ,0 ,0, 0]






bgr2rgb: 1
camera_path:"/camera/rgb/image_raw"
cameraMatrix: !!opencv-matrix
   rows: 3
   cols: 3
   dt: f
   data: [ 525.0, 0., 319.5, 0., 525.0 ,239.5, 0., 0., 1. ]
distCoeffs: !!opencv-matrix
   rows: 5
   cols: 1
   dt: f
   data: [ 0 ,0 ,0 ,0, 0]


quadrotor

camera_path:"/cam0/image_raw"

cameraMatrix: !!opencv-matrix
   rows: 3
   cols: 3
   dt: f
   data: [ 458.654, 0., 367.215, 0., 457.296 , 248.375, 0., 0., 1. ]
distCoeffs: !!opencv-matrix
   rows: 4
   cols: 1
   dt: f
   data: [ -0.28340811, 0.07395907, 0.00019359, 1.76187114e-05 ]

camera_path:"/cam1/image_raw"
cameraMatrix: !!opencv-matrix
   rows: 3
   cols: 3
   dt: f
   data: [ 457.587, 0., 379.999, 0., 456.134 , 255.238, 0., 0., 1. ]
distCoeffs: !!opencv-matrix
   rows: 4
   cols: 1
   dt: f
   data: [ -0.28368365,  0.07451284, -0.00010473, -3.55590700e-05 ]


   cv::Mat cameraMatrix2 = (cv::Mat_<float>(3,3) << 457.587, 0., 379.999, 0.,456.134 , 255.238, 0., 0., 1.);
    cv::Mat distCoeffs2 = (cv::Mat_<float>(4,1) <<  -0.28368365,  0.07451284, -0.00010473, -3.55590700e-05);



distances_interval 1/6
local_maps_close_number
map%d
compute_error_ic -> weight en tracking
parallax 0.10 


28/10
distances_interval  0.95 0.05



const float Evaluation::fx   = 543.78f;
//const float Evaluation::fy = 543.78f;
//const float Evaluation::cx = 313.45f;
//const float Evaluation::cy = 235.00f;




USB_CAM 

camera_path:"/camera/image_raw"

cameraMatrix: !!opencv-matrix
   rows: 3
   cols: 3
   dt: f
   data: [ 635.79, 0., 312.43, 0.,641.95 ,261.89, 0., 0., 1.]
distCoeffs: !!opencv-matrix
   rows: 5
   cols: 1
   dt: f
   data: [ -0.2361 ,0.7517 ,0 ,0, 0]



DANI 

camera_path:"/camera/rgb/image_rect_color"

cameraMatrix: !!opencv-matrix
   rows: 3
   cols: 3
   dt: f
   data: [543.78, 0., 313.45, 0., 543.78 ,235.00, 0., 0., 1.]
distCoeffs: !!opencv-matrix
   rows: 5
   cols: 1
   dt: f
   data: [ 0 ,0 ,0 ,0, 0]



http://www.toshiba.eu/eu/Cambridge-Research-Laboratory/Computer-Vision-Group/Computer-Vision-Group-Jobs/
https://www.ziprecruiter.com/jobs/irobot-corporation-3d4bd656/robotics-and-vision-scientist-47be7316

 https://www.google.com/about/careers/search#!t=jo&jid=143135001&
  https://www.google.com/about/careers/search#!t=jo&jid=111925001&
  https://www.google.com/about/careers/search#!t=jo&jid=141805001

https://jobs.qualcomm.com/public/jobDetails.xhtml?requisitionId=1938800


[robotics-worldwide] [jobs] Internship in Robotic Localization at Honda Research

 

void ThreadImageProcessing( SemiDenseTracking *semidense_tracker,
                             DenseMapping *dense_mapper)
{
    while(ros::ok() && dense_mapper->sequence_has_finished == false )
    {
        if(!semidense_tracker->image_processing_semaphore)
        {
          boost::this_thread::sleep(boost::posix_time::milliseconds(10));
          semidense_tracker->image_processing_semaphore = true;
        }
    }
}
